{
  "asset": {
    "version": "2.0",
    "generator": "GLTFExporter"
  },
  "scenes": [
    {
      "name": "Root Scene",
      "nodes": [
        49
      ]
    }
  ],
  "scene": 0,
  "nodes": [
    {
      "matrix": [
        1,
        -7.45057882056698e-9,
        1.4210850903553948e-14,
        0,
        7.45057882056698e-9,
        1,
        1.1368681066950134e-13,
        0,
        -1.4210851750586491e-14,
        -1.1368681056362227e-13,
        1,
        0,
        6.93081712722778,
        -0.0000152587890625,
        -7.99445842858404e-7,
        1
      ],
      "name": "Bone02",
      "extras": {
        "name": "Bone02"
      },
      "mesh": 0
    },
    {
      "matrix": [
        -0.25399517174666886,
        0.9672054788962098,
        0.0000014305113282223696,
        0,
        0.9672054788971639,
        0.25399518316693914,
        -8.742289629419312e-8,
        0,
        -4.4789888550027774e-7,
        0.0000013613934079966021,
        -0.9999999885790827,
        0,
        1.50299072265625,
        3.52860450744629,
        0.0018157958984375,
        1
      ],
      "name": "Bone01",
      "extras": {
        "name": "Bone01"
      },
      "children": [
        0
      ]
    },
    {
      "matrix": [
        -1.1118294391206082e-10,
        0,
        0.003726000077446714,
        0,
        0.000016010360443506616,
        -0.0037259657907741267,
        0,
        0,
        0.003725965679591183,
        0.000016010360443506616,
        -1.1118294391206082e-10,
        0,
        10.0540924072266,
        0.499914169311523,
        0.0000500568421557546,
        1
      ],
      "name": "v_armet",
      "extras": {
        "name": "v_armet"
      },
      "mesh": 1
    },
    {
      "matrix": [
        0.9651656575625226,
        -0.2616395426086489,
        -7.256795754693258e-7,
        0,
        0.2616395426086489,
        0.9651656575627906,
        -9.661669874769328e-8,
        0,
        7.256797535064509e-7,
        -9.661536151699792e-8,
        0.999999999999732,
        0,
        6.372802734375,
        0,
        -1.16415321826935e-10,
        1
      ],
      "name": "Bip01_Head",
      "extras": {
        "name": "Bip01_Head"
      },
      "children": [
        1,
        2
      ]
    },
    {
      "matrix": [
        0.5138843086044457,
        0.8578594757417471,
        -2.980232518682709e-8,
        0,
        -0.8578594757417458,
        0.5138843086044464,
        4.842878038289709e-8,
        0,
        5.6860036460215194e-8,
        6.794186185740959e-10,
        0.9999999999999983,
        0,
        3.94016265869141,
        -0.0000152587890625,
        -0.0000019073486328125,
        1
      ],
      "name": "Bip01_L_Finger02",
      "extras": {
        "name": "Bip01_L_Finger02"
      }
    },
    {
      "matrix": [
        0.8118981261449516,
        0.5837991455093376,
        3.7252904706101434e-8,
        0,
        -0.5837991455093381,
        0.8118981261449522,
        -4.837291871112614e-16,
        0,
        -3.024556398434632e-8,
        -2.1748212991202003e-8,
        0.9999999999999993,
        0,
        3.36783599853516,
        0.0000152587890625,
        -9.5367431640625e-7,
        1
      ],
      "name": "Bip01_L_Finger01",
      "extras": {
        "name": "Bip01_L_Finger01"
      },
      "children": [
        4
      ]
    },
    {
      "matrix": [
        0.5271438252885273,
        0.748182571578474,
        -0.40291711357115345,
        0,
        0.6999337154679721,
        -0.11340840907272565,
        0.7051462713366772,
        0,
        0.48188396401362854,
        -0.653728773739569,
        -0.5834607496728104,
        0,
        1.63518524169922,
        2.04743194580078,
        -1.95714569091797,
        1
      ],
      "name": "Bip01_L_Finger0",
      "extras": {
        "name": "Bip01_L_Finger0"
      },
      "children": [
        5
      ]
    },
    {
      "matrix": [
        0.9980183626305957,
        0.06292334770635916,
        1.490115965564355e-8,
        0,
        -0.06292334770635957,
        0.9980183626305954,
        2.9802320282897702e-8,
        0,
        -1.2996369119631202e-8,
        -3.068089377827333e-8,
        0.9999999999999994,
        0,
        4.93900489807129,
        0,
        0,
        1
      ],
      "name": "Bip01_L_Finger12",
      "extras": {
        "name": "Bip01_L_Finger12"
      }
    },
    {
      "matrix": [
        0.07217697006669,
        0.99739186592639,
        2.235174183173848e-8,
        0,
        -0.9973918659263884,
        0.07217697006669122,
        -5.960463977775665e-8,
        0,
        -6.106246286006781e-8,
        -1.7991361132823072e-8,
        0.999999999999998,
        0,
        5.32212066650391,
        -0.0000019073486328125,
        -0.00000762939453125,
        1
      ],
      "name": "Bip01_L_Finger11",
      "extras": {
        "name": "Bip01_L_Finger11"
      },
      "children": [
        7
      ]
    },
    {
      "matrix": [
        0.9709075622883739,
        -0.23160462044722394,
        0.06080958642842495,
        0,
        0.2231044399173935,
        0.9671870606808753,
        0.1215466952670927,
        0,
        -0.08696502114784367,
        -0.1044437170379467,
        0.9907212500167798,
        0,
        6.74813842773438,
        -0.343158721923828,
        -3.73208618164063,
        1
      ],
      "name": "Bip01_L_Finger1",
      "extras": {
        "name": "Bip01_L_Finger1"
      },
      "children": [
        8
      ]
    },
    {
      "matrix": [
        0.9780856919070895,
        0.2082027415297619,
        1.490115890539719e-8,
        0,
        -0.2082027415297598,
        0.978085691907086,
        -8.940696705403993e-8,
        0,
        -3.318938501355547e-8,
        8.434521336121013e-8,
        0.9999999999999959,
        0,
        4.66126728057861,
        0.00000762939453125,
        -0.00000762939453125,
        1
      ],
      "name": "Bip01_L_Finger22",
      "extras": {
        "name": "Bip01_L_Finger22"
      }
    },
    {
      "matrix": [
        0.10624688156428963,
        0.9943398426136978,
        2.980232594702395e-8,
        0,
        -0.9943398426136978,
        0.10624688156428874,
        2.9802325453519564e-8,
        0,
        2.6467231551056232e-8,
        -3.2800044029130975e-8,
        0.9999999999999991,
        0,
        4.36129760742188,
        -9.5367431640625e-7,
        0,
        1
      ],
      "name": "Bip01_L_Finger21",
      "extras": {
        "name": "Bip01_L_Finger21"
      },
      "children": [
        10
      ]
    },
    {
      "matrix": [
        0.8601695491482493,
        -0.4830574536860831,
        0.16359661799622843,
        0,
        0.48669537016647557,
        0.8733477097772602,
        0.01978392735174598,
        0,
        -0.15243350563443586,
        0.06260418165953027,
        0.9863289227241477,
        0,
        6.71656036376953,
        -0.648782730102539,
        0.230995178222656,
        1
      ],
      "name": "Bip01_L_Finger2",
      "extras": {
        "name": "Bip01_L_Finger2"
      },
      "children": [
        11
      ]
    },
    {
      "matrix": [
        -0.04461713067446005,
        -0.9843406826507111,
        -0.17053668496428964,
        0,
        -0.10799865306849227,
        -0.16495364774161914,
        0.9803706529359605,
        0,
        -0.9931493499848191,
        0.06215904344037371,
        -0.09894772473458668,
        0,
        5.42358016967773,
        1.25985908508301,
        0.190773010253906,
        1
      ],
      "name": "v_l_weapon",
      "extras": {
        "name": "v_l_weapon"
      },
      "mesh": 2
    },
    {
      "matrix": [
        0.9043000822833189,
        0.3506266627946982,
        -0.24352063336902857,
        0,
        -0.3312600203740859,
        0.2165236511731844,
        -0.9183595489693194,
        0,
        -0.26927338234730885,
        0.9111412654571324,
        0.3119509566686097,
        0,
        23.4709739685059,
        0.00000762939453125,
        0,
        1
      ],
      "name": "Bip01_L_Hand",
      "extras": {
        "name": "Bip01_L_Hand"
      },
      "children": [
        6,
        9,
        12,
        13
      ]
    },
    {
      "matrix": [
        0.03492740791772253,
        -0.9993898560532679,
        1.0430813452865769e-7,
        0,
        0.9993898560532728,
        0.03492740791772575,
        2.980232681126273e-8,
        0,
        -3.3427356167130175e-8,
        1.0320357296087032e-7,
        0.9999999999999941,
        0,
        30.2539443969727,
        -1.4210854715202e-14,
        0,
        1
      ],
      "name": "Bip01_L_Forearm",
      "extras": {
        "name": "Bip01_L_Forearm"
      },
      "children": [
        14
      ]
    },
    {
      "matrix": [
        0.6636925398390305,
        0.2621063496953645,
        -0.700580093161852,
        0,
        0.7477183611839869,
        -0.20652494582663672,
        0.6310821449791201,
        0,
        0.02072336443801498,
        -0.9426811140637567,
        -0.33305079387877856,
        0,
        10.7566986083984,
        9.5367431640625e-7,
        0.000030517578125,
        1
      ],
      "name": "Bip01_L_UpperArm",
      "extras": {
        "name": "Bip01_L_UpperArm"
      },
      "children": [
        15
      ]
    },
    {
      "matrix": [
        -0.3912024784721393,
        -0.2869975524878394,
        0.8744100706793365,
        0,
        -0.17227102368805858,
        -0.9105000245304642,
        -0.37591531702472264,
        0,
        0.9040372012461217,
        -0.29769453478745495,
        0.3067485547041141,
        0,
        -4.70712280273438,
        -0.383697509765625,
        7.31697273254395,
        1
      ],
      "name": "Bip01_L_Clavicle",
      "extras": {
        "name": "Bip01_L_Clavicle"
      },
      "children": [
        16
      ]
    },
    {
      "matrix": [
        0.5138842498331946,
        0.8578595275992312,
        1.4901159367225054e-8,
        0,
        -0.8578595275992312,
        0.5138842498331947,
        -3.7252903263823435e-9,
        0,
        -1.0853246866489763e-8,
        -1.0868733640967886e-8,
        0.9999999999999999,
        0,
        3.94015884399414,
        -1.4210854715202e-14,
        0.000003814697265625,
        1
      ],
      "name": "Bip01_R_Finger02",
      "extras": {
        "name": "Bip01_R_Finger02"
      }
    },
    {
      "matrix": [
        0.8118980530273889,
        0.5837992224155738,
        5.215406353472562e-8,
        0,
        -0.5837992224155747,
        0.81189805302739,
        -8.92305442151834e-16,
        0,
        -4.234378265641365e-8,
        -3.044750258281622e-8,
        0.9999999999999987,
        0,
        3.36783981323242,
        0.00000762939453125,
        -7.105427357601e-15,
        1
      ],
      "name": "Bip01_R_Finger01",
      "extras": {
        "name": "Bip01_R_Finger01"
      },
      "children": [
        18
      ]
    },
    {
      "matrix": [
        0.6528068731223989,
        0.5020879548150533,
        0.5672309147807091,
        0,
        0.6999339293175385,
        -0.11340848526909197,
        -0.7051461791731701,
        0,
        -0.2897166195499216,
        0.8573484268615921,
        -0.42546223568660935,
        0,
        1.63517761230469,
        2.04743576049805,
        1.95713043212891,
        1
      ],
      "name": "Bip01_R_Finger0",
      "extras": {
        "name": "Bip01_R_Finger0"
      },
      "children": [
        19
      ]
    },
    {
      "matrix": [
        0.9980183555948705,
        0.06292345940968518,
        2.980232039074768e-8,
        0,
        -0.06292345940968642,
        0.99801835559487,
        4.284083582059466e-8,
        0,
        -2.70475690900601e-8,
        -4.46312056838973e-8,
        0.9999999999999987,
        0,
        4.93899536132813,
        0.000003814697265625,
        -0.00000762939453125,
        1
      ],
      "name": "Bip01_R_Finger12",
      "extras": {
        "name": "Bip01_R_Finger12"
      }
    },
    {
      "matrix": [
        0.05475945633803636,
        0.9984995954247903,
        2.980232299813176e-8,
        0,
        -0.9984995954247883,
        0.05475945633803836,
        -6.984918660797318e-8,
        0,
        -7.137634269146977e-8,
        -2.5932701939256186e-8,
        0.9999999999999971,
        0,
        5.32211875915527,
        0,
        -0.00000762939453125,
        1
      ],
      "name": "Bip01_R_Finger11",
      "extras": {
        "name": "Bip01_R_Finger11"
      },
      "children": [
        21
      ]
    },
    {
      "matrix": [
        0.429689720445556,
        0.8998191776389628,
        -0.07544695050612626,
        0,
        -0.9026019041122595,
        0.42560264721120133,
        -0.06459288185853435,
        0,
        -0.02601148747105273,
        0.09585345714687452,
        0.9950555349886804,
        0,
        6.74813079833984,
        -0.343154907226563,
        3.73210906982422,
        1
      ],
      "name": "Bip01_R_Finger1",
      "extras": {
        "name": "Bip01_R_Finger1"
      },
      "children": [
        22
      ]
    },
    {
      "matrix": [
        0.9780856794286859,
        0.20820280080695852,
        -1.6543612251060553e-24,
        0,
        -0.20820280080695813,
        0.9780856794286842,
        -5.96046482668326e-8,
        0,
        -1.2409853983340172e-8,
        5.829845297368539e-8,
        0.9999999999999982,
        0,
        4.66126251220703,
        0,
        -0.000003814697265625,
        1
      ],
      "name": "Bip01_R_Finger22",
      "extras": {
        "name": "Bip01_R_Finger22"
      }
    },
    {
      "matrix": [
        -0.4446507235852837,
        0.8957039954365353,
        2.98023175392179e-8,
        0,
        -0.8957039954365333,
        -0.44465072358528457,
        5.960464262703994e-8,
        0,
        6.663974149569735e-8,
        -1.9080563973287536e-10,
        0.9999999999999978,
        0,
        4.36129379272461,
        0.00000762939453125,
        0,
        1
      ],
      "name": "Bip01_R_Finger21",
      "extras": {
        "name": "Bip01_R_Finger21"
      },
      "children": [
        24
      ]
    },
    {
      "matrix": [
        0.3542083323633881,
        0.9351551223720306,
        0.004614596122817491,
        0,
        -0.9226594395202116,
        0.34866250531795484,
        0.16472387697912272,
        0,
        0.1524334479708212,
        -0.06260426570240094,
        0.9863289251501172,
        0,
        6.716552734375,
        -0.648780822753906,
        -0.230995178222656,
        1
      ],
      "name": "Bip01_R_Finger2",
      "extras": {
        "name": "Bip01_R_Finger2"
      },
      "children": [
        25
      ]
    },
    {
      "matrix": [
        0.9999999999998702,
        3.3527608574167413e-7,
        -3.837048585808711e-7,
        0,
        -3.3527605429463385e-7,
        0.9999999999999405,
        8.195638694084662e-8,
        0,
        3.837048860588649e-7,
        -8.195625829378498e-8,
        0.9999999999999231,
        0,
        -3.5527136788005e-15,
        -0.00000762939453125,
        -0.000003814697265625,
        1
      ],
      "name": "Object01",
      "extras": {
        "name": "Object01"
      },
      "mesh": 4
    },
    {
      "matrix": [
        0.4734905932085286,
        0.8747711525222933,
        0.10286924549044238,
        0,
        -0.6920700333919222,
        0.2972464379772568,
        0.6577869065235653,
        0,
        0.5448354979568217,
        -0.382648632857556,
        0.7461462996435256,
        0,
        13.7188987731934,
        -15.1634063720703,
        17.986701965332,
        1
      ],
      "name": "v_r_weapon",
      "extras": {
        "name": "v_r_weapon"
      },
      "mesh": 3,
      "children": [
        27
      ]
    },
    {
      "matrix": [
        0.986832109741046,
        0.1355176479493961,
        0.08830262324031006,
        0,
        -0.08655101458612748,
        -0.01877476467012218,
        0.9960704554207583,
        0,
        0.13664299488436485,
        -0.9905969903963309,
        -0.006798349743349252,
        0,
        23.4709625244141,
        -0.00000762939453125,
        -0.000003814697265625,
        1
      ],
      "name": "Bip01_R_Hand",
      "extras": {
        "name": "Bip01_R_Hand"
      },
      "children": [
        20,
        23,
        26,
        28
      ]
    },
    {
      "matrix": [
        0.29580819302770245,
        -0.955247361846937,
        1.490116351575181e-8,
        0,
        0.9552473618469357,
        0.295808193027701,
        -5.960465567148145e-8,
        0,
        5.2529303381381105e-8,
        3.1865842811792404e-8,
        0.9999999999999981,
        0,
        30.2539596557617,
        0,
        0.000003814697265625,
        1
      ],
      "name": "Bip01_R_Forearm",
      "extras": {
        "name": "Bip01_R_Forearm"
      },
      "children": [
        29
      ]
    },
    {
      "matrix": [
        0.6129270724285191,
        0.36312723952900666,
        0.7017542497779778,
        0,
        0.7831886254313225,
        -0.1616614468899955,
        -0.6004008656368858,
        0,
        -0.1045753133602993,
        0.9176078848694411,
        -0.38348380421304396,
        0,
        10.7567024230957,
        -9.5367431640625e-7,
        2.8421709430404e-14,
        1
      ],
      "name": "Bip01_R_UpperArm",
      "extras": {
        "name": "Bip01_R_UpperArm"
      },
      "children": [
        30
      ]
    },
    {
      "matrix": [
        -0.3912026324066846,
        -0.2869928353108332,
        -0.8744116232714322,
        0,
        -0.17227060548756132,
        -0.9105022736443966,
        0.37591029494028244,
        0,
        -0.904037285136449,
        0.29769249879261334,
        0.30675038734695503,
        0,
        -4.70712280273438,
        -0.383657455444336,
        -7.3169732093811,
        1
      ],
      "name": "Bip01_R_Clavicle",
      "extras": {
        "name": "Bip01_R_Clavicle"
      },
      "children": [
        31
      ]
    },
    {
      "matrix": [
        0.9827152394263853,
        0.18512362793397505,
        5.134590059002262e-7,
        0,
        -0.18512362793397505,
        0.9827152394265183,
        -4.794101894672439e-8,
        0,
        -5.134590052732119e-7,
        -4.794102566218703e-8,
        0.999999999999867,
        0,
        26.8546600341797,
        0.549599647521973,
        3.22237610816956e-7,
        1
      ],
      "name": "Bip01_Neck",
      "extras": {
        "name": "Bip01_Neck"
      },
      "children": [
        3,
        17,
        32
      ]
    },
    {
      "matrix": [
        8.093725589741751e-8,
        -4.3336047250708276e-10,
        1.0000000035198018,
        0,
        -0.13468919980360222,
        -0.990887901566742,
        1.0946042322546035e-8,
        0,
        0.990887898046933,
        -0.13468919980360267,
        -8.726565403627262e-8,
        0,
        9.94477844238281,
        -6.63492488861084,
        -0.0000152587890625,
        1
      ],
      "name": "v_misc",
      "extras": {
        "name": "v_misc"
      },
      "mesh": 5
    },
    {
      "matrix": [
        0.9939894173216536,
        -0.1094762006590032,
        -3.0364320451144174e-7,
        0,
        0.1094762006590032,
        0.9939894173216999,
        -1.6670871151392772e-8,
        0,
        3.0364319556135217e-7,
        -1.6671034167501713e-8,
        0.9999999999999538,
        0,
        17.9719619750977,
        -0.0190272331237793,
        -5.26197254657745e-8,
        1
      ],
      "name": "Bip01_Spine1",
      "extras": {
        "name": "Bip01_Spine1"
      },
      "children": [
        33,
        34
      ]
    },
    {
      "matrix": [
        3.714032953405777e-7,
        0.9999999657714298,
        4.877802248382603e-8,
        0,
        -0.99999996577143,
        3.7140329323115395e-7,
        4.377216953763763e-8,
        0,
        4.3772153090915476e-8,
        -4.8778037242695484e-8,
        0.9999999999999979,
        0,
        10.3955173492432,
        11.3597145080566,
        9.5367431640625e-7,
        1
      ],
      "name": "Bip01_L_Toe0",
      "extras": {
        "name": "Bip01_L_Toe0"
      }
    },
    {
      "matrix": [
        0.9941727893650131,
        0.08412055471750123,
        0.06741065615263703,
        0,
        -0.06787744602421363,
        0.9743050868692195,
        -0.21476090749552923,
        0,
        -0.08374435270595351,
        0.2089337869782989,
        0.9743374946179583,
        0,
        47.3308181762695,
        -4.76837158203125e-7,
        0,
        1
      ],
      "name": "Bip01_L_Foot",
      "extras": {
        "name": "Bip01_L_Foot"
      },
      "children": [
        36
      ]
    },
    {
      "matrix": [
        0.9803873772259405,
        -0.1970801624283068,
        -7.450579395671672e-9,
        0,
        0.19708016242830687,
        0.9803873772259405,
        4.656612357889244e-9,
        0,
        6.386728068520685e-9,
        -6.033645379173698e-9,
        1,
        0,
        38.2844924926758,
        4.76837158203125e-7,
        -9.5367431640625e-7,
        1
      ],
      "name": "Bip01_L_Calf",
      "extras": {
        "name": "Bip01_L_Calf"
      },
      "children": [
        37
      ]
    },
    {
      "matrix": [
        -0.9942295729044393,
        0.0812179300490457,
        0.07007843773062289,
        0,
        0.08603407020706727,
        0.9939217620255838,
        0.06868529009096619,
        0,
        -0.06407400689688364,
        0.07431808763566966,
        -0.9951739177760177,
        0,
        -16.0568008422852,
        -0.50786018371582,
        7.25009346008301,
        1
      ],
      "name": "Bip01_L_Thigh",
      "extras": {
        "name": "Bip01_L_Thigh"
      },
      "children": [
        38
      ]
    },
    {
      "matrix": [
        2.0281592472137788e-7,
        0.9999999657714517,
        -1.5425032739557712e-8,
        0,
        -0.9999999657714508,
        2.0281592405524407e-7,
        -4.423782408214039e-8,
        0,
        -4.423782148167366e-8,
        1.542504019749706e-8,
        0.9999999999999989,
        0,
        10.3955183029175,
        11.359712600708,
        1.77635683940025e-15,
        1
      ],
      "name": "Bip01_R_Toe0",
      "extras": {
        "name": "Bip01_R_Toe0"
      }
    },
    {
      "matrix": [
        0.9942058079427509,
        0.08599457290978878,
        -0.06449608081079858,
        0,
        -0.06954161086291798,
        0.9720777116871585,
        0.22411801503843543,
        0,
        0.0819681362999094,
        -0.21833427064077893,
        0.9724255080914891,
        0,
        47.3308296203613,
        0.00000143051147460938,
        9.5367431640625e-7,
        1
      ],
      "name": "Bip01_R_Foot",
      "extras": {
        "name": "Bip01_R_Foot"
      },
      "children": [
        40
      ]
    },
    {
      "matrix": [
        0.9796763316380493,
        -0.20058486163439898,
        -3.725290998343297e-9,
        0,
        0.20058486163439893,
        0.9796763316380492,
        -1.3504176739788588e-8,
        0,
        6.358312745945851e-9,
        1.2482485388196027e-8,
        0.9999999999999999,
        0,
        38.2844848632813,
        0,
        -1.77635683940025e-15,
        1
      ],
      "name": "Bip01_R_Calf",
      "extras": {
        "name": "Bip01_R_Calf"
      },
      "children": [
        41
      ]
    },
    {
      "matrix": [
        -0.994264133557166,
        0.08319312334534801,
        -0.06721542708759352,
        0,
        0.0877565977878979,
        0.9938141283980718,
        -0.0680606956262761,
        0,
        0.061137459509003164,
        -0.07356889949214408,
        -0.9954144889757852,
        0,
        -16.0568008422852,
        -0.507819652557373,
        -7.24647378921509,
        1
      ],
      "name": "Bip01_R_Thigh",
      "extras": {
        "name": "Bip01_R_Thigh"
      },
      "children": [
        42
      ]
    },
    {
      "matrix": [
        0.9994923355544629,
        0.03186018235091861,
        9.987069054493713e-7,
        0,
        -0.03186018234643458,
        0.9994923355461818,
        -0.0000042233690704502115,
        0,
        -0.000001132757199235972,
        0.0000041894060337721885,
        0.9999999999905829,
        0,
        16.0324630737305,
        1.01915955543518,
        -0.00179618946276605,
        1
      ],
      "name": "Bip01_Spine",
      "extras": {
        "name": "Bip01_Spine"
      },
      "children": [
        35,
        39,
        43
      ]
    },
    {
      "matrix": [
        0.1308994865880469,
        -0.8124457530320331,
        0.7103022700015282,
        0,
        1.078593163647085,
        0.07518298747354883,
        -0.11277621152098519,
        0,
        0.03516027476880518,
        0.718339419367415,
        0.8151590592690487,
        0,
        10.4887466430664,
        7.08331155776978,
        14.3013849258423,
        1
      ],
      "name": "Object02",
      "extras": {
        "name": "Object02"
      },
      "mesh": 6
    },
    {
      "matrix": [
        -0.019657553641116987,
        -0.0000010567988114607019,
        0.9998067990849502,
        0,
        0.9998067990845132,
        0.0000013634617500590807,
        0.019657526715516127,
        0,
        -0.0000014108942004709135,
        1.000000026925537,
        0.0000010023359421351685,
        0,
        0,
        0,
        0,
        1
      ],
      "name": "Bip01_Pelvis",
      "extras": {
        "name": "Bip01_Pelvis"
      },
      "children": [
        44,
        45
      ]
    },
    {
      "matrix": [
        1.3113017247601371e-8,
        0,
        0.009999999180432246,
        0,
        0.009999999180432246,
        5.960425009111415e-10,
        -1.251697474669023e-8,
        0,
        0,
        0.00999999918044008,
        5.960425009111415e-10,
        0,
        0,
        0.955883085727692,
        -0.0390396006405354,
        1
      ],
      "name": "Bip01",
      "extras": {
        "name": "Bip01"
      },
      "children": [
        46
      ]
    },
    {
      "matrix": [
        0.00999999977648258,
        0,
        0,
        0,
        0,
        3.422854223488026e-10,
        -0.009999999434197158,
        0,
        0,
        0.009999999434197158,
        3.422854223488026e-10,
        0,
        0,
        0,
        0,
        1
      ],
      "name": "v_body",
      "extras": {
        "name": "v_body"
      },
      "mesh": 7,
      "skin": 0
    },
    {
      "name": "RootNode",
      "extras": {
        "name": "RootNode"
      },
      "children": [
        47,
        48
      ]
    }
  ],
  "bufferViews": [
    {
      "buffer": 0,
      "byteOffset": 0,
      "byteLength": 384,
      "target": 34962,
      "byteStride": 12
    },
    {
      "buffer": 0,
      "byteOffset": 384,
      "byteLength": 384,
      "target": 34962,
      "byteStride": 12
    },
    {
      "buffer": 0,
      "byteOffset": 768,
      "byteLength": 256,
      "target": 34962,
      "byteStride": 8
    },
    {
      "buffer": 0,
      "byteOffset": 1024,
      "byteLength": 256,
      "target": 34962,
      "byteStride": 8
    },
    {
      "buffer": 0,
      "byteOffset": 1280,
      "byteLength": 84,
      "target": 34963
    },
    {
      "buffer": 0,
      "byteOffset": 1364,
      "byteLength": 288,
      "target": 34962,
      "byteStride": 12
    },
    {
      "buffer": 0,
      "byteOffset": 1652,
      "byteLength": 288,
      "target": 34962,
      "byteStride": 12
    },
    {
      "buffer": 0,
      "byteOffset": 1940,
      "byteLength": 192,
      "target": 34962,
      "byteStride": 8
    },
    {
      "buffer": 0,
      "byteOffset": 2132,
      "byteLength": 192,
      "target": 34962,
      "byteStride": 8
    },
    {
      "buffer": 0,
      "byteOffset": 2324,
      "byteLength": 72,
      "target": 34963
    },
    {
      "buffer": 0,
      "byteOffset": 2396,
      "byteLength": 144,
      "target": 34962,
      "byteStride": 12
    },
    {
      "buffer": 0,
      "byteOffset": 2540,
      "byteLength": 144,
      "target": 34962,
      "byteStride": 12
    },
    {
      "buffer": 0,
      "byteOffset": 2684,
      "byteLength": 96,
      "target": 34962,
      "byteStride": 8
    },
    {
      "buffer": 0,
      "byteOffset": 2780,
      "byteLength": 96,
      "target": 34962,
      "byteStride": 8
    },
    {
      "buffer": 0,
      "byteOffset": 2876,
      "byteLength": 36,
      "target": 34963
    },
    {
      "buffer": 0,
      "byteOffset": 2912,
      "byteLength": 144,
      "target": 34962,
      "byteStride": 12
    },
    {
      "buffer": 0,
      "byteOffset": 3056,
      "byteLength": 144,
      "target": 34962,
      "byteStride": 12
    },
    {
      "buffer": 0,
      "byteOffset": 3200,
      "byteLength": 96,
      "target": 34962,
      "byteStride": 8
    },
    {
      "buffer": 0,
      "byteOffset": 3296,
      "byteLength": 96,
      "target": 34962,
      "byteStride": 8
    },
    {
      "buffer": 0,
      "byteOffset": 3392,
      "byteLength": 36,
      "target": 34963
    },
    {
      "buffer": 0,
      "byteOffset": 3428,
      "byteLength": 300,
      "target": 34962,
      "byteStride": 12
    },
    {
      "buffer": 0,
      "byteOffset": 3728,
      "byteLength": 300,
      "target": 34962,
      "byteStride": 12
    },
    {
      "buffer": 0,
      "byteOffset": 4028,
      "byteLength": 200,
      "target": 34962,
      "byteStride": 8
    },
    {
      "buffer": 0,
      "byteOffset": 4228,
      "byteLength": 200,
      "target": 34962,
      "byteStride": 8
    },
    {
      "buffer": 0,
      "byteOffset": 4428,
      "byteLength": 144,
      "target": 34963
    },
    {
      "buffer": 0,
      "byteOffset": 4572,
      "byteLength": 216,
      "target": 34962,
      "byteStride": 12
    },
    {
      "buffer": 0,
      "byteOffset": 4788,
      "byteLength": 216,
      "target": 34962,
      "byteStride": 12
    },
    {
      "buffer": 0,
      "byteOffset": 5004,
      "byteLength": 144,
      "target": 34962,
      "byteStride": 8
    },
    {
      "buffer": 0,
      "byteOffset": 5148,
      "byteLength": 144,
      "target": 34962,
      "byteStride": 8
    },
    {
      "buffer": 0,
      "byteOffset": 5292,
      "byteLength": 48,
      "target": 34963
    },
    {
      "buffer": 0,
      "byteOffset": 5340,
      "byteLength": 300,
      "target": 34962,
      "byteStride": 12
    },
    {
      "buffer": 0,
      "byteOffset": 5640,
      "byteLength": 300,
      "target": 34962,
      "byteStride": 12
    },
    {
      "buffer": 0,
      "byteOffset": 5940,
      "byteLength": 200,
      "target": 34962,
      "byteStride": 8
    },
    {
      "buffer": 0,
      "byteOffset": 6140,
      "byteLength": 200,
      "target": 34962,
      "byteStride": 8
    },
    {
      "buffer": 0,
      "byteOffset": 6340,
      "byteLength": 144,
      "target": 34963
    },
    {
      "buffer": 0,
      "byteOffset": 6484,
      "byteLength": 7288,
      "target": 34962,
      "byteStride": 8
    },
    {
      "buffer": 0,
      "byteOffset": 13772,
      "byteLength": 10932,
      "target": 34962,
      "byteStride": 12
    },
    {
      "buffer": 0,
      "byteOffset": 24704,
      "byteLength": 10932,
      "target": 34962,
      "byteStride": 12
    },
    {
      "buffer": 0,
      "byteOffset": 35636,
      "byteLength": 7288,
      "target": 34962,
      "byteStride": 8
    },
    {
      "buffer": 0,
      "byteOffset": 42924,
      "byteLength": 7288,
      "target": 34962,
      "byteStride": 8
    },
    {
      "buffer": 0,
      "byteOffset": 50212,
      "byteLength": 14576,
      "target": 34962,
      "byteStride": 16
    },
    {
      "buffer": 0,
      "byteOffset": 64788,
      "byteLength": 7040,
      "target": 34963
    },
    {
      "buffer": 0,
      "byteOffset": 71828,
      "byteLength": 2240
    }
  ],
  "buffers": [
    {
      "byteLength": 74068,
